0.000000 0.000000 18.083140 0.000137 1.674242 
0.000000 1.000000 18.125593 0.000192 1.665151 
0.000000 2.000000 17.845864 0.000207 1.685778 
0.000000 3.000000 17.405097 0.000208 1.726748 
0.000000 4.000000 17.415016 0.000204 1.737213 
0.000000 5.000000 17.937893 0.000194 1.703980 
0.000000 6.000000 18.111439 0.000194 1.691791 
0.000000 7.000000 17.667888 0.000209 1.720756 
0.000000 8.000000 17.896054 0.000203 1.688570 
0.000000 9.000000 18.188260 0.000190 1.643536 
0.000000 10.000000 18.351195 0.000181 1.613067 
0.000000 11.000000 18.234748 0.000186 1.623697 
0.000000 12.000000 18.010108 0.000203 1.661699 
0.000000 13.000000 17.944837 0.000219 1.683179 
0.000000 14.000000 18.037319 0.000229 1.672363 
0.000000 15.000000 18.078039 0.000242 1.663071 
0.000000 16.000000 17.974493 0.000262 1.679211 
0.000000 17.000000 17.869815 0.000277 1.702054 
0.000000 18.000000 17.873524 0.000274 1.702516 
0.000000 19.000000 18.001487 0.000253 1.671640 
0.000000 20.000000 18.096806 0.000229 1.641570 
0.000000 21.000000 18.075928 0.000214 1.641635 
0.000000 22.000000 17.964210 0.000210 1.664736 
0.000000 23.000000 17.947577 0.000206 1.672980 
0.000000 24.000000 18.019697 0.000201 1.661350 
0.000000 25.000000 18.028871 0.000197 1.652172 
0.000000 26.000000 17.972044 0.000197 1.650109 
0.000000 27.000000 17.825264 0.000205 1.656347 
0.000000 28.000000 17.637210 0.000224 1.674826 
0.000000 29.000000 17.526876 0.000246 1.695342 
0.000000 30.000000 17.491792 0.000262 1.708842 
0.000000 31.000000 17.485823 0.000269 1.709982 
0.000000 32.000000 17.463241 0.000268 1.704792 
0.000000 33.000000 17.478214 0.000263 1.692658 
0.000000 34.000000 17.581145 0.000258 1.672188 
0.000000 35.000000 17.693683 0.000255 1.656773 
0.000000 36.000000 17.676805 0.000257 1.660973 
0.000000 37.000000 17.573518 0.000261 1.678541 
0.000000 38.000000 17.461708 0.000267 1.702224 
0.000000 39.000000 17.414610 0.000272 1.717978 
0.000000 40.000000 17.469390 0.000271 1.713146 
0.000000 41.000000 17.599258 0.000261 1.689287 
0.000000 42.000000 17.796476 0.000243 1.654866 
0.000000 43.000000 17.953103 0.000226 1.627697 
0.000000 44.000000 17.961801 0.000218 1.624127 
0.000000 45.000000 17.847909 0.000222 1.642327 
0.000000 46.000000 17.760934 0.000233 1.663500 
0.000000 47.000000 17.795141 0.000240 1.666512 
0.000000 48.000000 17.867673 0.000240 1.656203 
0.000000 49.000000 17.851394 0.000236 1.654781 
0.000000 50.000000 17.750434 0.000231 1.668641 
0.000000 51.000000 17.686574 0.000224 1.684552 
0.000000 52.000000 17.735165 0.000215 1.686494 
0.000000 53.000000 17.801911 0.000207 1.678109 
0.000000 54.000000 17.820387 0.000205 1.670566 
0.000000 55.000000 17.778503 0.000206 1.670694 
0.000000 56.000000 17.784377 0.000205 1.663786 
0.000000 57.000000 17.925845 0.000196 1.636785 
0.000000 58.000000 18.150194 0.000182 1.596264 
0.000000 59.000000 18.286629 0.000174 1.569232 
0.000000 60.000000 18.247264 0.000175 1.573164 
0.000000 61.000000 18.111180 0.000184 1.598613 
0.000000 62.000000 18.056619 0.000190 1.613152 
0.000000 63.000000 18.126735 0.000188 1.604225 
0.000000 64.000000 18.207007 0.000183 1.590733 
0.000000 65.000000 18.151698 0.000182 1.596985 
0.000000 66.000000 17.994344 0.000186 1.620384 
0.000000 67.000000 17.859591 0.000191 1.642867 
0.000000 68.000000 17.826526 0.000193 1.653753 
0.000000 69.000000 17.779828 0.000196 1.664161 
0.000000 70.000000 17.688250 0.000199 1.675223 
0.000000 71.000000 17.601559 0.000202 1.684578 
0.000000 72.000000 17.545103 0.000204 1.691701 
0.000000 73.000000 17.555845 0.000204 1.690880 
0.000000 74.000000 17.647398 0.000205 1.674997 
0.000000 75.000000 17.772537 0.000207 1.652194 
0.000000 76.000000 17.814382 0.000214 1.643436 
0.000000 77.000000 17.748426 0.000226 1.651273 
0.000000 78.000000 17.657840 0.000240 1.662155 
0.000000 79.000000 17.567791 0.000257 1.669878 
0.000000 80.000000 17.469280 0.000276 1.682743 
0.000000 81.000000 17.370516 0.000294 1.703824 
0.000000 82.000000 17.284902 0.000305 1.723363 
0.000000 83.000000 17.217431 0.000308 1.731327 
0.000000 84.000000 17.227617 0.000300 1.719618 
0.000000 85.000000 17.315970 0.000284 1.695968 
0.000000 86.000000 17.428987 0.000270 1.674662 
0.000000 87.000000 17.483477 0.000262 1.672457 
0.000000 88.000000 17.442993 0.000259 1.691436 
0.000000 89.000000 17.380861 0.000256 1.712932 
0.000000 90.000000 17.390056 0.000249 1.715733 
0.000000 91.000000 17.528618 0.000238 1.692040 
0.000000 92.000000 17.674660 0.000230 1.665611 
0.000000 93.000000 17.724640 0.000227 1.654669 
0.000000 94.000000 17.690669 0.000226 1.660410 
0.000000 95.000000 17.609445 0.000229 1.678964 
0.000000 96.000000 17.528328 0.000236 1.697258 
0.000000 97.000000 17.498832 0.000244 1.704870 
0.000000 98.000000 17.517388 0.000249 1.703785 
0.000000 99.000000 17.515701 0.000252 1.708092 
0.000000 100.000000 17.457642 0.000257 1.724205 
0.000000 101.000000 17.416150 0.000258 1.737967 
0.000000 102.000000 17.444372 0.000253 1.736864 
0.000000 103.000000 17.547212 0.000241 1.720522 
0.000000 104.000000 17.645270 0.000231 1.703091 
0.000000 105.000000 17.676780 0.000227 1.693119 
0.000000 106.000000 17.638604 0.000228 1.690874 
0.000000 107.000000 17.596999 0.000231 1.691600 
0.000000 108.000000 17.577201 0.000232 1.694152 
0.000000 109.000000 17.574143 0.000234 1.700671 
0.000000 110.000000 17.606514 0.000236 1.699086 
0.000000 111.000000 17.638443 0.000237 1.691526 
0.000000 112.000000 17.627226 0.000241 1.686937 
0.000000 113.000000 17.597848 0.000244 1.687007 
0.000000 114.000000 17.604075 0.000245 1.686306 
0.000000 115.000000 17.707690 0.000239 1.673674 
0.000000 116.000000 17.820828 0.000230 1.659686 
0.000000 117.000000 17.866083 0.000222 1.652850 
0.000000 118.000000 17.842957 0.000217 1.655283 
0.000000 119.000000 17.830853 0.000214 1.658881 
0.000000 120.000000 17.866671 0.000211 1.656861 
0.000000 121.000000 17.899355 0.000210 1.652190 
0.000000 122.000000 17.885999 0.000210 1.650564 
0.000000 123.000000 17.824753 0.000211 1.658526 
0.000000 124.000000 17.773283 0.000210 1.668506 
0.000000 125.000000 17.747434 0.000209 1.674799 
0.000000 126.000000 17.727544 0.000208 1.675806 
0.000000 127.000000 17.736535 0.000209 1.670665 
0.000000 128.000000 17.767865 0.000212 1.663480 
0.000000 129.000000 17.802760 0.000217 1.654362 
0.000000 130.000000 17.799595 0.000222 1.648637 
0.000000 131.000000 17.789209 0.000226 1.641871 
0.000000 132.000000 17.786137 0.000228 1.637045 
0.000000 133.000000 17.754127 0.000230 1.643273 
0.000000 134.000000 17.693331 0.000232 1.656701 
0.000000 135.000000 17.649013 0.000231 1.665453 
0.000000 136.000000 17.675081 0.000225 1.659554 
0.000000 137.000000 17.768715 0.000215 1.640411 
0.000000 138.000000 17.866632 0.000205 1.620227 
0.000000 139.000000 17.917766 0.000196 1.610637 
0.000000 140.000000 17.890203 0.000191 1.617125 
0.000000 141.000000 17.863174 0.000187 1.625998 
0.000000 142.000000 17.887969 0.000184 1.622764 
0.000000 143.000000 17.960091 0.000182 1.607435 
0.000000 144.000000 17.968936 0.000186 1.603052 
0.000000 145.000000 17.879668 0.000196 1.618501 
0.000000 146.000000 17.751102 0.000206 1.642979 
0.000000 147.000000 17.717789 0.000207 1.653324 
0.000000 148.000000 17.806217 0.000202 1.643439 
0.000000 149.000000 17.908015 0.000198 1.632511 
0.000000 150.000000 17.968332 0.000198 1.626313 
0.000000 151.000000 17.986069 0.000200 1.622741 
0.000000 152.000000 17.975350 0.000203 1.622595 
0.000000 153.000000 17.964483 0.000206 1.625325 
0.000000 154.000000 17.949580 0.000209 1.630906 
0.000000 155.000000 17.977427 0.000210 1.629273 
0.000000 156.000000 18.009789 0.000208 1.626002 
0.000000 157.000000 17.999744 0.000204 1.629983 
0.000000 158.000000 17.972102 0.000202 1.638851 
0.000000 159.000000 17.985397 0.000201 1.641490 
0.000000 160.000000 18.043331 0.000201 1.633752 
0.000000 161.000000 18.097337 0.000202 1.623356 
0.000000 162.000000 18.084893 0.000204 1.621574 
0.000000 163.000000 17.989578 0.000211 1.634855 
0.000000 164.000000 17.884414 0.000219 1.653697 
0.000000 165.000000 17.807069 0.000225 1.673019 
0.000000 166.000000 17.765495 0.000228 1.686459 
0.000000 167.000000 17.746350 0.000227 1.691062 
0.000000 168.000000 17.750184 0.000223 1.686643 
0.000000 169.000000 17.775738 0.000218 1.675232 
0.000000 170.000000 17.777758 0.000216 1.672108 
0.000000 171.000000 17.731030 0.000218 1.684399 
0.000000 172.000000 17.651721 0.000223 1.707234 
0.000000 173.000000 17.570089 0.000229 1.725746 
0.000000 174.000000 17.520529 0.000232 1.729545 
0.000000 175.000000 17.507422 0.000230 1.723905 
0.000000 176.000000 17.474128 0.000228 1.726321 
0.000000 177.000000 17.356315 0.000231 1.749436 
0.000000 178.000000 17.255103 0.000235 1.770158 
0.000000 179.000000 17.306628 0.000232 1.759796 
0.000000 180.000000 17.474962 0.000221 1.723657 
0.000000 181.000000 17.590193 0.000210 1.697239 
0.000000 182.000000 17.599742 0.000202 1.697144 
0.000000 183.000000 17.568156 0.000194 1.711203 
0.000000 184.000000 17.601873 0.000184 1.715377 
0.000000 185.000000 17.678532 0.000177 1.709263 
0.000000 186.000000 17.706857 0.000177 1.709758 
0.000000 187.000000 17.709565 0.000179 1.714089 
0.000000 188.000000 17.732369 0.000180 1.711758 
0.000000 189.000000 17.799939 0.000176 1.698637 
0.000000 190.000000 17.864001 0.000171 1.687315 
0.000000 191.000000 17.895247 0.000167 1.685837 
0.000000 192.000000 17.923847 0.000164 1.683737 
0.000000 193.000000 17.979255 0.000160 1.671950 
0.000000 194.000000 18.012444 0.000157 1.661060 
0.000000 195.000000 17.986419 0.000157 1.661406 
0.000000 196.000000 17.958820 0.000158 1.667404 
0.000000 197.000000 17.995928 0.000159 1.661634 
0.000000 198.000000 18.110723 0.000157 1.639238 
0.000000 199.000000 18.182843 0.000156 1.623161 
0.000000 200.000000 18.171351 0.000157 1.628784 
0.000000 201.000000 18.134759 0.000159 1.645976 
0.000000 202.000000 18.128195 0.000161 1.655896 
0.000000 203.000000 18.175181 0.000159 1.649627 
0.000000 204.000000 18.229153 0.000156 1.636669 
0.000000 205.000000 18.214832 0.000155 1.634093 
0.000000 206.000000 18.158998 0.000156 1.643707 
0.000000 207.000000 18.105124 0.000160 1.657543 
0.000000 208.000000 18.061532 0.000165 1.668528 
0.000000 209.000000 18.020377 0.000169 1.674975 
0.000000 210.000000 18.002948 0.000171 1.675225 
0.000000 211.000000 18.026547 0.000172 1.666383 
0.000000 212.000000 18.099714 0.000171 1.648799 
0.000000 213.000000 18.172104 0.000170 1.631524 
0.000000 214.000000 18.206297 0.000168 1.621343 
0.000000 215.000000 18.172036 0.000167 1.622141 
0.000000 216.000000 18.099808 0.000167 1.631756 
0.000000 217.000000 18.052086 0.000167 1.644468 
0.000000 218.000000 18.060199 0.000165 1.652920 
0.000000 219.000000 18.088784 0.000161 1.654402 
0.000000 220.000000 18.097413 0.000156 1.650714 
0.000000 221.000000 18.059882 0.000153 1.649391 
0.000000 222.000000 17.993257 0.000152 1.659886 
0.000000 223.000000 17.977604 0.000151 1.672219 
0.000000 224.000000 18.022760 0.000149 1.673527 
0.000000 225.000000 18.083237 0.000147 1.660371 
0.000000 226.000000 18.087540 0.000146 1.649374 
0.000000 227.000000 18.037168 0.000148 1.648706 
0.000000 228.000000 18.002116 0.000152 1.650683 
0.000000 229.000000 18.003790 0.000155 1.650066 
0.000000 230.000000 17.978030 0.000158 1.651303 
0.000000 231.000000 17.904708 0.000163 1.657186 
0.000000 232.000000 17.886179 0.000164 1.653100 
0.000000 233.000000 17.973312 0.000162 1.636520 
0.000000 234.000000 18.089624 0.000159 1.619854 
0.000000 235.000000 18.121749 0.000158 1.617874 
0.000000 236.000000 18.030464 0.000162 1.633407 
0.000000 237.000000 17.918954 0.000166 1.650061 
0.000000 238.000000 17.870471 0.000169 1.656702 
0.000000 239.000000 17.902616 0.000168 1.651675 
0.000000 240.000000 17.953544 0.000165 1.646297 
0.000000 241.000000 17.998561 0.000163 1.642681 
0.000000 242.000000 18.031026 0.000160 1.640604 
0.000000 243.000000 18.057361 0.000159 1.638168 
0.000000 244.000000 18.068274 0.000159 1.637508 
0.000000 245.000000 18.059165 0.000161 1.638150 
0.000000 246.000000 18.027508 0.000164 1.641029 
0.000000 247.000000 17.970030 0.000168 1.648463 
0.000000 248.000000 17.933271 0.000170 1.653630 
0.000000 249.000000 17.989087 0.000169 1.647467 
0.000000 250.000000 18.124932 0.000165 1.630581 
0.000000 251.000000 18.239662 0.000161 1.614977 
0.000000 252.000000 18.271092 0.000157 1.608911 
0.000000 253.000000 18.267161 0.000153 1.607407 
0.000000 254.000000 18.297864 0.000151 1.601633 
0.000000 255.000000 18.331620 0.000153 1.598216 
0.000000 256.000000 18.311817 0.000158 1.602626 
0.000000 257.000000 18.236368 0.000163 1.613682 
0.000000 258.000000 18.201913 0.000165 1.617236 
0.000000 259.000000 18.243552 0.000162 1.611531 
0.000000 260.000000 18.287162 0.000160 1.613273 
0.000000 261.000000 18.274947 0.000158 1.628706 
0.000000 262.000000 18.232832 0.000157 1.646873 
0.000000 263.000000 18.232588 0.000155 1.651975 
0.000000 264.000000 18.239034 0.000155 1.651922 
0.000000 265.000000 18.248757 0.000155 1.650342 
0.000000 266.000000 18.316880 0.000154 1.638760 
0.000000 267.000000 18.428105 0.000150 1.617915 
0.000000 268.000000 18.464991 0.000147 1.605823 
0.000000 269.000000 18.353406 0.000148 1.618797 
0.000000 270.000000 18.209326 0.000150 1.639640 
0.000000 271.000000 18.177118 0.000149 1.642280 
0.000000 272.000000 18.269715 0.000145 1.624091 
0.000000 273.000000 18.350438 0.000141 1.607508 
0.000000 274.000000 18.283426 0.000142 1.618473 
0.000000 275.000000 18.108214 0.000145 1.652607 
0.000000 276.000000 18.020921 0.000145 1.676400 
0.000000 277.000000 18.106639 0.000141 1.666175 
0.000000 278.000000 18.302134 0.000133 1.628796 
0.000000 279.000000 18.476886 0.000127 1.594593 
0.000000 280.000000 18.484249 0.000128 1.595937 
0.000000 281.000000 18.346996 0.000136 1.626555 
0.000000 282.000000 18.225073 0.000145 1.650462 
0.000000 283.000000 18.196758 0.000152 1.652223 
0.000000 284.000000 18.191592 0.000155 1.646758 
0.000000 285.000000 18.166604 0.000158 1.646276 
0.000000 286.000000 18.149233 0.000158 1.648652 
0.000000 287.000000 18.133452 0.000159 1.649707 
0.000000 288.000000 18.061194 0.000161 1.657727 
0.000000 289.000000 17.928861 0.000166 1.674641 
0.000000 290.000000 17.836629 0.000168 1.686945 
0.000000 291.000000 17.822951 0.000166 1.688377 
0.000000 292.000000 17.908385 0.000160 1.677132 
0.000000 293.000000 18.004606 0.000155 1.665964 
0.000000 294.000000 18.024536 0.000152 1.664838 
0.000000 295.000000 18.051319 0.000150 1.656995 
0.000000 296.000000 18.128500 0.000146 1.637204 
0.000000 297.000000 18.197098 0.000146 1.619815 
0.000000 298.000000 18.117964 0.000152 1.629739 
0.000000 299.000000 17.999147 0.000160 1.646729 
0.000000 300.000000 17.947154 0.000164 1.653010 
0.000000 301.000000 17.935555 0.000165 1.652654 
0.000000 302.000000 17.912493 0.000166 1.658538 
0.000000 303.000000 17.895906 0.000169 1.665500 
0.000000 304.000000 17.946215 0.000170 1.653586 
0.000000 305.000000 18.004775 0.000169 1.634141 
0.000000 306.000000 18.009428 0.000168 1.625452 
0.000000 307.000000 17.988625 0.000165 1.627050 
0.000000 308.000000 18.023991 0.000159 1.624082 
0.000000 309.000000 18.133131 0.000151 1.609117 
0.000000 310.000000 18.174563 0.000148 1.604061 
0.000000 311.000000 18.093410 0.000150 1.621185 
0.000000 312.000000 17.957517 0.000153 1.649726 
0.000000 313.000000 17.905597 0.000154 1.662907 
0.000000 314.000000 17.908681 0.000155 1.664191 
0.000000 315.000000 17.920589 0.000157 1.659553 
0.000000 316.000000 17.961901 0.000157 1.650788 
0.000000 317.000000 18.028134 0.000155 1.641566 
0.000000 318.000000 18.087289 0.000153 1.636619 
0.000000 319.000000 18.108558 0.000154 1.637680 
0.000000 320.000000 18.093160 0.000156 1.639205 
0.000000 321.000000 18.057446 0.000160 1.641304 
0.000000 322.000000 18.037022 0.000163 1.642835 
0.000000 323.000000 18.082655 0.000164 1.634875 
0.000000 324.000000 18.137301 0.000164 1.624063 
0.000000 325.000000 18.157134 0.000163 1.620188 
0.000000 326.000000 18.136040 0.000161 1.625564 
0.000000 327.000000 18.122317 0.000160 1.633756 
0.000000 328.000000 18.157986 0.000158 1.634747 
0.000000 329.000000 18.207758 0.000157 1.631126 
0.000000 330.000000 18.223540 0.000157 1.630903 
0.000000 331.000000 18.189647 0.000158 1.638447 
0.000000 332.000000 18.138526 0.000157 1.649460 
0.000000 333.000000 18.102222 0.000156 1.658208 
0.000000 334.000000 18.103533 0.000153 1.658025 
0.000000 335.000000 18.141663 0.000148 1.647686 
0.000000 336.000000 18.190064 0.000143 1.633256 
0.000000 337.000000 18.240133 0.000139 1.621537 
0.000000 338.000000 18.266370 0.000137 1.617782 
0.000000 339.000000 18.276977 0.000136 1.617490 
0.000000 340.000000 18.257671 0.000138 1.620251 
0.000000 341.000000 18.247999 0.000138 1.622743 
0.000000 342.000000 18.311692 0.000135 1.613996 
0.000000 343.000000 18.366584 0.000132 1.601108 
0.000000 344.000000 18.330300 0.000131 1.596848 
0.000000 345.000000 18.232089 0.000133 1.607442 
0.000000 346.000000 18.130161 0.000136 1.632444 
0.000000 347.000000 18.044350 0.000138 1.663791 
0.000000 348.000000 18.025317 0.000135 1.677939 
0.000000 349.000000 18.046800 0.000129 1.672705 
0.000000 350.000000 18.070101 0.000121 1.659578 
0.000000 351.000000 18.093640 0.000116 1.652419 
0.000000 352.000000 18.073689 0.000117 1.662870 
0.000000 353.000000 18.000589 0.000122 1.686739 
0.000000 354.000000 17.890059 0.000128 1.711170 
0.000000 355.000000 17.830786 0.000130 1.717276 
0.000000 356.000000 17.928010 0.000125 1.690874 
0.000000 357.000000 18.089714 0.000117 1.653296 
0.000000 358.000000 18.197530 0.000113 1.638221 
0.000000 359.000000 18.214798 0.000114 1.650519 
0.000000 360.000000 18.212157 0.000114 1.660832 
0.000000 361.000000 18.270490 0.000111 1.643074 
0.000000 362.000000 18.395200 0.000105 1.605609 
0.000000 363.000000 18.455766 0.000103 1.586706 
0.000000 364.000000 18.464166 0.000104 1.588478 
0.000000 365.000000 18.455127 0.000106 1.598069 
0.000000 366.000000 18.416008 0.000108 1.607680 
0.000000 367.000000 18.316625 0.000109 1.621352 
0.000000 368.000000 18.196543 0.000111 1.634788 
0.000000 369.000000 18.182550 0.000112 1.635769 
0.000000 370.000000 18.268409 0.000111 1.625267 
0.000000 371.000000 18.377919 0.000110 1.610210 
0.000000 372.000000 18.453270 0.000109 1.597817 
0.000000 373.000000 18.467588 0.000107 1.595247 
0.000000 374.000000 18.395611 0.000107 1.612743 
0.000000 375.000000 18.202842 0.000110 1.654593 
0.000000 376.000000 18.025423 0.000115 1.694698 
0.000000 377.000000 17.991775 0.000120 1.705758 
0.000000 378.000000 18.065371 0.000121 1.692280 
0.000000 379.000000 18.155330 0.000118 1.669554 
0.000000 380.000000 18.196901 0.000114 1.648465 
0.000000 381.000000 18.174590 0.000111 1.639096 
0.000000 382.000000 18.149148 0.000109 1.638699 
0.000000 383.000000 18.159851 0.000108 1.642403 
0.000000 384.000000 18.176797 0.000106 1.643941 
0.000000 385.000000 18.202562 0.000105 1.638712 
0.000000 386.000000 18.244625 0.000106 1.630129 
0.000000 387.000000 18.317346 0.000108 1.624392 
0.000000 388.000000 18.352013 0.000109 1.629650 
0.000000 389.000000 18.318645 0.000110 1.640996 
0.000000 390.000000 18.238727 0.000111 1.653341 
0.000000 391.000000 18.157306 0.000111 1.662289 
0.000000 392.000000 18.115497 0.000113 1.667001 
0.000000 393.000000 18.097411 0.000114 1.672666 
0.000000 394.000000 18.022485 0.000116 1.692241 
0.000000 395.000000 17.894537 0.000119 1.724617 
0.000000 396.000000 17.780308 0.000123 1.749498 
0.000000 397.000000 17.813060 0.000123 1.742689 
0.000000 398.000000 17.914831 0.000124 1.714787 
0.000000 399.000000 17.955411 0.000129 1.698938 
0.000000 400.000000 17.871216 0.000140 1.709517 
0.000000 401.000000 17.740998 0.000155 1.733729 
0.000000 402.000000 17.655868 0.000166 1.752694 
0.000000 403.000000 17.669255 0.000168 1.751489 
0.000000 404.000000 17.755065 0.000160 1.733915 
0.000000 405.000000 17.833236 0.000149 1.717629 
0.000000 406.000000 17.863381 0.000140 1.709983 
0.000000 407.000000 17.871196 0.000134 1.704006 
0.000000 408.000000 17.899452 0.000130 1.694312 
0.000000 409.000000 17.940388 0.000127 1.689440 
0.000000 410.000000 17.982969 0.000124 1.690627 
0.000000 411.000000 18.054301 0.000118 1.682838 
0.000000 412.000000 18.054320 0.000111 1.675096 
0.000000 413.000000 17.989359 0.000109 1.684192 
0.000000 414.000000 17.822609 0.000114 1.722187 
0.000000 415.000000 17.760204 0.000116 1.748958 
0.000000 416.000000 17.842093 0.000110 1.738635 
0.000000 417.000000 18.008788 0.000098 1.699162 
0.000000 418.000000 18.119555 0.000092 1.670671 
0.000000 419.000000 18.087719 0.000097 1.676737 
0.000000 420.000000 17.982976 0.000107 1.693408 
0.000000 421.000000 17.846061 0.000115 1.702893 
0.000000 422.000000 17.765376 0.000114 1.696966 
0.000000 423.000000 17.903476 0.000104 1.664526 
0.000000 424.000000 18.266498 0.000092 1.614845 
0.000000 425.000000 18.569319 0.000086 1.587429 
0.000000 426.000000 18.566789 0.000087 1.603884 
0.000000 427.000000 18.377980 0.000092 1.635768 
0.000000 428.000000 18.271465 0.000093 1.646689 
0.000000 429.000000 18.430042 0.000090 1.622709 
0.000000 430.000000 18.596123 0.000090 1.606975 
0.000000 431.000000 18.608499 0.000093 1.616843 
0.000000 432.000000 18.561556 0.000098 1.629871 
0.000000 433.000000 18.571655 0.000100 1.622909 
0.000000 434.000000 18.661848 0.000100 1.600523 
0.000000 435.000000 18.748169 0.000098 1.580400 
0.000000 436.000000 18.799709 0.000096 1.570093 
0.000000 437.000000 18.855562 0.000092 1.560902 
0.000000 438.000000 18.895934 0.000090 1.558816 
0.000000 439.000000 18.846635 0.000091 1.578046 
0.000000 440.000000 18.693263 0.000095 1.611765 
0.000000 441.000000 18.570763 0.000098 1.631970 
0.000000 442.000000 18.639239 0.000096 1.610663 
0.000000 443.000000 18.790274 0.000092 1.572857 
0.000000 444.000000 18.868440 0.000090 1.557265 
0.000000 445.000000 18.828610 0.000090 1.575424 
0.000000 446.000000 18.702006 0.000092 1.611802 
0.000000 447.000000 18.616954 0.000091 1.626273 
0.000000 448.000000 18.624672 0.000088 1.612769 
0.000000 449.000000 18.602941 0.000087 1.602031 
0.000000 450.000000 18.478185 0.000090 1.620599 
0.000000 451.000000 18.322705 0.000094 1.651854 
0.000000 452.000000 18.315745 0.000094 1.657916 
0.000000 453.000000 18.552007 0.000088 1.620279 
0.000000 454.000000 18.863685 0.000081 1.570066 
0.000000 455.000000 19.032248 0.000077 1.546656 
0.000000 456.000000 19.010617 0.000077 1.556072 
0.000000 457.000000 18.853182 0.000080 1.590297 
0.000000 458.000000 18.675296 0.000084 1.630747 
0.000000 459.000000 18.593473 0.000087 1.652750 
0.000000 460.000000 18.632077 0.000088 1.645455 
0.000000 461.000000 18.695799 0.000087 1.625579 
0.000000 462.000000 18.646003 0.000089 1.630037 
0.000000 463.000000 18.485842 0.000093 1.660582 
0.000000 464.000000 18.351484 0.000097 1.683565 
0.000000 465.000000 18.338883 0.000096 1.674365 
0.000000 466.000000 18.418793 0.000091 1.650806 
0.000000 467.000000 18.592019 0.000083 1.629486 
0.000000 468.000000 18.829442 0.000075 1.610947 
0.000000 469.000000 19.138001 0.000068 1.574069 
0.000000 470.000000 19.368582 0.000064 1.530048 
0.000000 471.000000 19.366817 0.000066 1.514547 
0.000000 472.000000 19.234394 0.000070 1.527673 
0.000000 473.000000 19.185139 0.000075 1.538669 
0.000000 474.000000 19.240611 0.000077 1.536162 
0.000000 475.000000 19.329924 0.000076 1.523908 
0.000000 476.000000 19.372506 0.000074 1.515811 
0.000000 477.000000 19.323608 0.000072 1.518908 
0.000000 478.000000 19.291277 0.000070 1.520640 
0.000000 479.000000 19.339109 0.000068 1.512540 
0.000000 480.000000 19.404799 0.000067 1.507720 
0.000000 481.000000 19.383423 0.000067 1.518331 
0.000000 482.000000 19.233108 0.000069 1.542727 
0.000000 483.000000 19.059158 0.000072 1.565834 
0.000000 484.000000 18.938688 0.000075 1.587301 
0.000000 485.000000 18.926471 0.000076 1.602767 
0.000000 486.000000 18.949636 0.000076 1.605377 
0.000000 487.000000 18.989581 0.000076 1.590966 
0.000000 488.000000 19.037406 0.000075 1.573807 
0.000000 489.000000 19.034160 0.000075 1.571996 
0.000000 490.000000 18.964627 0.000076 1.590800 
0.000000 491.000000 18.912635 0.000076 1.607416 
0.000000 492.000000 18.902177 0.000074 1.610946 
0.000000 493.000000 18.957851 0.000072 1.599527 
0.000000 494.000000 19.009791 0.000070 1.590286 
0.000000 495.000000 19.068845 0.000071 1.580278 
0.000000 496.000000 19.166231 0.000071 1.560619 
0.000000 497.000000 19.276483 0.000071 1.532837 
0.000000 498.000000 19.306946 0.000072 1.517257 
0.000000 499.000000 19.278742 0.000075 1.516105 
0.000000 500.000000 19.253298 0.000078 1.520784 
0.000000 501.000000 19.266391 0.000080 1.522291 
0.000000 502.000000 19.277397 0.000082 1.523822 
0.000000 503.000000 19.203714 0.000083 1.535729 
0.000000 504.000000 19.130321 0.000083 1.550633 
0.000000 505.000000 19.162902 0.000081 1.548954 
0.000000 506.000000 19.274940 0.000079 1.534689 
0.000000 507.000000 19.304098 0.000079 1.532443 
0.000000 508.000000 19.107691 0.000083 1.557139 
0.000000 509.000000 18.861223 0.000089 1.587893 
0.000000 510.000000 18.734893 0.000092 1.600120 
0.000000 511.000000 18.812980 0.000092 1.581007 
0.000000 512.000000 18.986419 0.000090 1.551851 
0.000000 513.000000 19.169111 0.000089 1.529423 
0.000000 514.000000 19.186557 0.000090 1.536410 
0.000000 515.000000 19.035147 0.000094 1.563357 
0.000000 516.000000 18.937924 0.000098 1.579628 
0.000000 517.000000 19.014763 0.000099 1.573120 
0.000000 518.000000 19.174795 0.000102 1.558437 
0.000000 519.000000 19.127572 0.000108 1.567511 
0.000000 520.000000 18.869438 0.000119 1.599306 
0.000000 521.000000 18.572697 0.000131 1.631987 
0.000000 522.000000 18.462778 0.000140 1.642396 
0.000000 523.000000 18.515576 0.000144 1.633860 
0.000000 524.000000 18.515361 0.000149 1.627660 
0.000000 525.000000 18.419783 0.000155 1.630082 
0.000000 526.000000 18.341693 0.000161 1.633802 
0.000000 527.000000 18.382373 0.000162 1.633632 
0.000000 528.000000 18.458577 0.000159 1.631647 
0.000000 529.000000 18.409501 0.000157 1.631718 
0.000000 530.000000 18.324442 0.000155 1.628931 
0.000000 531.000000 18.345117 0.000153 1.618826 
0.000000 532.000000 18.495148 0.000149 1.602637 
0.000000 533.000000 18.580507 0.000146 1.593176 
0.000000 534.000000 18.484042 0.000147 1.601160 
0.000000 535.000000 18.307056 0.000149 1.623611 
0.000000 536.000000 18.225301 0.000146 1.644486 
0.000000 537.000000 18.263341 0.000138 1.647375 
0.000000 538.000000 18.332677 0.000130 1.634811 
0.000000 539.000000 18.322800 0.000126 1.630899 
0.000000 540.000000 18.258091 0.000127 1.644991 
0.000000 541.000000 18.284782 0.000128 1.651870 
0.000000 542.000000 18.443005 0.000124 1.631882 
0.000000 543.000000 18.542156 0.000120 1.613024 
0.000000 544.000000 18.558515 0.000117 1.614692 
0.000000 545.000000 18.496490 0.000116 1.631671 
0.000000 546.000000 18.471722 0.000115 1.636555 
0.000000 547.000000 18.477538 0.000114 1.628000 
0.000000 548.000000 18.458421 0.000113 1.624295 
0.000000 549.000000 18.425195 0.000109 1.631165 
0.000000 550.000000 18.352896 0.000106 1.645662 
0.000000 551.000000 18.299879 0.000102 1.655192 
0.000000 552.000000 18.277107 0.000097 1.659125 
0.000000 553.000000 18.261677 0.000092 1.669355 
0.000000 554.000000 18.290466 0.000085 1.682924 
0.000000 555.000000 18.366187 0.000078 1.685506 
0.000000 556.000000 18.429106 0.000074 1.675838 
0.000000 557.000000 18.447448 0.000073 1.662486 
0.000000 558.000000 18.476510 0.000075 1.651259 
0.000000 559.000000 18.451805 0.000077 1.652552 
0.000000 560.000000 18.314752 0.000081 1.671648 
0.000000 561.000000 18.063521 0.000087 1.705150 
0.000000 562.000000 17.795883 0.000093 1.729883 
0.000000 563.000000 17.697204 0.000096 1.722477 
0.000000 564.000000 17.806613 0.000094 1.687966 
0.000000 565.000000 17.981497 0.000088 1.658956 
0.000000 566.000000 18.073616 0.000084 1.652255 
0.000000 567.000000 18.107770 0.000081 1.658885 
0.000000 568.000000 18.078021 0.000080 1.672768 
0.000000 569.000000 17.979106 0.000081 1.693592 
0.000000 570.000000 17.906160 0.000082 1.710753 
0.000000 571.000000 18.015837 0.000083 1.703012 
0.000000 572.000000 18.189973 0.000083 1.683390 
0.000000 573.000000 18.228011 0.000085 1.678734 
0.000000 574.000000 18.231051 0.000089 1.669059 
0.000000 575.000000 18.336623 0.000091 1.637882 
0.000000 576.000000 18.528837 0.000094 1.598843 
0.000000 577.000000 18.578099 0.000099 1.596755 
0.000000 578.000000 18.413018 0.000108 1.630687 
0.000000 579.000000 18.253841 0.000116 1.655275 
0.000000 580.000000 18.337611 0.000115 1.632000 
0.000000 581.000000 18.523910 0.000109 1.592554 
0.000000 582.000000 18.595867 0.000104 1.578346 
0.000000 583.000000 18.503069 0.000101 1.591789 
0.000000 584.000000 18.439365 0.000098 1.596805 
0.000000 585.000000 18.471512 0.000098 1.594174 
0.000000 586.000000 18.358567 0.000106 1.626298 
0.000000 587.000000 18.060812 0.000121 1.683968 
0.000000 588.000000 17.874785 0.000131 1.707700 
0.000000 589.000000 17.959945 0.000128 1.677399 
0.000000 590.000000 18.164593 0.000117 1.628450 
0.000000 591.000000 18.195567 0.000109 1.616730 
0.000000 592.000000 18.075654 0.000108 1.632527 
0.000000 593.000000 17.981156 0.000111 1.638156 
0.000000 594.000000 17.982615 0.000112 1.621781 
0.000000 595.000000 18.007633 0.000111 1.606204 
0.000000 596.000000 18.053890 0.000108 1.599034 
0.000000 597.000000 18.113455 0.000106 1.593100 
0.000000 598.000000 18.226738 0.000103 1.576813 
0.000000 599.000000 18.366523 0.000100 1.558526 
0.000000 600.000000 18.438906 0.000095 1.547593 
0.000000 601.000000 18.442062 0.000091 1.543491 
0.000000 602.000000 18.402207 0.000090 1.550863 
0.000000 603.000000 18.342720 0.000092 1.570042 
0.000000 604.000000 18.229812 0.000098 1.594570 
0.000000 605.000000 18.133671 0.000105 1.607773 
0.000000 606.000000 18.077421 0.000113 1.610964 
0.000000 607.000000 17.913822 0.000121 1.625825 
0.000000 608.000000 17.703207 0.000127 1.640615 
0.000000 609.000000 17.663523 0.000126 1.629638 
0.000000 610.000000 17.822672 0.000119 1.601308 
0.000000 611.000000 18.027806 0.000112 1.588914 
0.000000 612.000000 18.162525 0.000102 1.598165 
0.000000 613.000000 18.279928 0.000090 1.600559 
0.000000 614.000000 18.438716 0.000079 1.574117 
0.000000 615.000000 18.607801 0.000074 1.548533 
0.000000 616.000000 18.687521 0.000074 1.552117 
0.000000 617.000000 18.598020 0.000078 1.578829 
0.000000 618.000000 18.284677 0.000086 1.619860 
0.000000 619.000000 18.011279 0.000098 1.648507 
0.000000 620.000000 17.944614 0.000108 1.654279 
0.000000 621.000000 18.037804 0.000114 1.631622 
0.000000 622.000000 18.167627 0.000116 1.596272 
0.000000 623.000000 18.208089 0.000118 1.577536 
0.000000 624.000000 18.144462 0.000121 1.581376 
0.000000 625.000000 18.136110 0.000122 1.582222 
0.000000 626.000000 18.310904 0.000116 1.557005 
0.000000 627.000000 18.538668 0.000110 1.525756 
0.000000 628.000000 18.604156 0.000108 1.519901 
0.000000 629.000000 18.538540 0.000109 1.535400 
0.000000 630.000000 18.564140 0.000107 1.532686 
0.000000 631.000000 18.719829 0.000101 1.506026 
0.000000 632.000000 18.837208 0.000097 1.486166 
0.000000 633.000000 18.804994 0.000096 1.492885 
0.000000 634.000000 18.606577 0.000099 1.530393 
0.000000 635.000000 18.425873 0.000099 1.567186 
0.000000 636.000000 18.417537 0.000095 1.580485 
0.000000 637.000000 18.554540 0.000089 1.574930 
0.000000 638.000000 18.637388 0.000086 1.578392 
0.000000 639.000000 18.612697 0.000085 1.592331 
0.000000 640.000000 18.558949 0.000085 1.604256 
0.000000 641.000000 18.558559 0.000086 1.605106 
0.000000 642.000000 18.573989 0.000086 1.605824 
0.000000 643.000000 18.608569 0.000084 1.606406 
0.000000 644.000000 18.704325 0.000081 1.592532 
0.000000 645.000000 18.856342 0.000076 1.562215 
0.000000 646.000000 18.981158 0.000073 1.534545 
0.000000 647.000000 18.977230 0.000072 1.528698 
0.000000 648.000000 18.821613 0.000073 1.547283 
0.000000 649.000000 18.671860 0.000075 1.567348 
0.000000 650.000000 18.671492 0.000075 1.568234 
0.000000 651.000000 18.814136 0.000073 1.548754 
0.000000 652.000000 18.935214 0.000070 1.529801 
0.000000 653.000000 18.998604 0.000067 1.515446 
0.000000 654.000000 19.004517 0.000065 1.511300 
0.000000 655.000000 19.079875 0.000064 1.499006 
0.000000 656.000000 19.185047 0.000063 1.491461 
0.000000 657.000000 19.107212 0.000066 1.511868 
0.000000 658.000000 18.912618 0.000070 1.546821 
0.000000 659.000000 18.832299 0.000073 1.562329 
0.000000 660.000000 18.846752 0.000075 1.559158 
0.000000 661.000000 18.802107 0.000077 1.562047 
0.000000 662.000000 18.656249 0.000079 1.583243 
0.000000 663.000000 18.544352 0.000078 1.610848 
0.000000 664.000000 18.559021 0.000076 1.629578 
0.000000 665.000000 18.595900 0.000073 1.645472 
0.000000 666.000000 18.607422 0.000070 1.651251 
0.000000 667.000000 18.722818 0.000066 1.620149 
0.000000 668.000000 18.978874 0.000061 1.564406 
0.000000 669.000000 19.343653 0.000056 1.515966 
0.000000 670.000000 19.516585 0.000054 1.510136 
0.000000 671.000000 19.404990 0.000055 1.524502 
0.000000 672.000000 19.199315 0.000058 1.533412 
0.000000 673.000000 19.105596 0.000061 1.536296 
0.000000 674.000000 19.149719 0.000065 1.537644 
0.000000 675.000000 19.208650 0.000068 1.536928 
0.000000 676.000000 19.133909 0.000071 1.539303 
0.000000 677.000000 18.943335 0.000074 1.549592 
0.000000 678.000000 18.873930 0.000073 1.551854 
0.000000 679.000000 19.084464 0.000068 1.531906 
0.000000 680.000000 19.478971 0.000060 1.496919 
0.000000 681.000000 19.813934 0.000054 1.465455 
0.000000 682.000000 19.894336 0.000050 1.457711 
0.000000 683.000000 19.852582 0.000049 1.462163 
0.000000 684.000000 19.808015 0.000048 1.467135 
0.000000 685.000000 19.958031 0.000047 1.444808 
0.000000 686.000000 20.190822 0.000045 1.414904 
0.000000 687.000000 20.388397 0.000045 1.388992 
0.000000 688.000000 20.453618 0.000046 1.377568 
0.000000 689.000000 20.447029 0.000046 1.376741 
0.000000 690.000000 20.493762 0.000046 1.375233 
0.000000 691.000000 20.215312 0.000048 1.397211 
0.000000 692.000000 19.790837 0.000051 1.428511 
0.000000 693.000000 20.176463 0.000049 1.405029 
0.000000 694.000000 20.143600 0.000048 1.399069 
0.000000 695.000000 19.741994 0.000047 1.411450 
0.000000 696.000000 19.396625 0.000050 1.432953 
0.000000 697.000000 19.251396 0.000054 1.455564 
0.000000 698.000000 19.094573 0.000054 1.482716 
0.000000 699.000000 18.948990 0.000039 1.503855 
1.000000 0.000000 18.180235 0.000185 1.663913 
1.000000 1.000000 18.199889 0.000262 1.657664 
1.000000 2.000000 17.957853 0.000285 1.676500 
1.000000 3.000000 17.585113 0.000284 1.712568 
1.000000 4.000000 17.621414 0.000277 1.718522 
1.000000 5.000000 18.106515 0.000265 1.684769 
1.000000 6.000000 18.263660 0.000266 1.671726 
1.000000 7.000000 17.846935 0.000289 1.700137 
1.000000 8.000000 17.985198 0.000290 1.683184 
1.000000 9.000000 18.173482 0.000281 1.655680 
1.000000 10.000000 18.298901 0.000272 1.632411 
1.000000 11.000000 18.261453 0.000275 1.632576 
1.000000 12.000000 18.148397 0.000291 1.651767 
1.000000 13.000000 18.126510 0.000310 1.663093 
1.000000 14.000000 18.188546 0.000326 1.655472 
1.000000 15.000000 18.203074 0.000345 1.649887 
1.000000 16.000000 18.115864 0.000369 1.662815 
1.000000 17.000000 18.029573 0.000383 1.681766 
1.000000 18.000000 18.027752 0.000375 1.684456 
1.000000 19.000000 18.114643 0.000347 1.663635 
1.000000 20.000000 18.188482 0.000315 1.639875 
1.000000 21.000000 18.197630 0.000293 1.633644 
1.000000 22.000000 18.132642 0.000286 1.644801 
1.000000 23.000000 18.103809 0.000282 1.651529 
1.000000 24.000000 18.112594 0.000279 1.651003 
1.000000 25.000000 18.087473 0.000276 1.652469 
1.000000 26.000000 18.050348 0.000276 1.652008 
1.000000 27.000000 17.956504 0.000284 1.652521 
1.000000 28.000000 17.803832 0.000306 1.663067 
1.000000 29.000000 17.696521 0.000334 1.678578 
1.000000 30.000000 17.632501 0.000359 1.693890 
1.000000 31.000000 17.584058 0.000375 1.701264 
1.000000 32.000000 17.524732 0.000380 1.701279 
1.000000 33.000000 17.510038 0.000379 1.691971 
1.000000 34.000000 17.591676 0.000373 1.672824 
1.000000 35.000000 17.695262 0.000367 1.657892 
1.000000 36.000000 17.706486 0.000366 1.659855 
1.000000 37.000000 17.652398 0.000366 1.673516 
1.000000 38.000000 17.584603 0.000369 1.693125 
1.000000 39.000000 17.544567 0.000375 1.709926 
1.000000 40.000000 17.564478 0.000379 1.712258 
1.000000 41.000000 17.652634 0.000370 1.695756 
1.000000 42.000000 17.810322 0.000349 1.665889 
1.000000 43.000000 17.955823 0.000324 1.638140 
1.000000 44.000000 17.993963 0.000310 1.628730 
1.000000 45.000000 17.935121 0.000309 1.638429 
1.000000 46.000000 17.871755 0.000319 1.655217 
1.000000 47.000000 17.876143 0.000331 1.661140 
1.000000 48.000000 17.890680 0.000336 1.658772 
1.000000 49.000000 17.835142 0.000336 1.663441 
1.000000 50.000000 17.741740 0.000330 1.677110 
1.000000 51.000000 17.708904 0.000318 1.688424 
1.000000 52.000000 17.775883 0.000303 1.685790 
1.000000 53.000000 17.865282 0.000291 1.673062 
1.000000 54.000000 17.906205 0.000286 1.663174 
1.000000 55.000000 17.876360 0.000287 1.663026 
1.000000 56.000000 17.852585 0.000288 1.661611 
1.000000 57.000000 17.937624 0.000280 1.642982 
1.000000 58.000000 18.116121 0.000263 1.609330 
1.000000 59.000000 18.260296 0.000250 1.581550 
1.000000 60.000000 18.277880 0.000247 1.575484 
1.000000 61.000000 18.196824 0.000255 1.588611 
1.000000 62.000000 18.149279 0.000262 1.599174 
1.000000 63.000000 18.189288 0.000262 1.596436 
1.000000 64.000000 18.242846 0.000258 1.591986 
1.000000 65.000000 18.207142 0.000256 1.599633 
1.000000 66.000000 18.105627 0.000258 1.615111 
1.000000 67.000000 18.019269 0.000261 1.628613 
1.000000 68.000000 17.985216 0.000263 1.639385 
1.000000 69.000000 17.919463 0.000268 1.654875 
1.000000 70.000000 17.823517 0.000273 1.668762 
1.000000 71.000000 17.744910 0.000276 1.675456 
1.000000 72.000000 17.702624 0.000278 1.676513 
1.000000 73.000000 17.700943 0.000280 1.674493 
1.000000 74.000000 17.743159 0.000283 1.666743 
1.000000 75.000000 17.805663 0.000290 1.655422 
1.000000 76.000000 17.821087 0.000301 1.651058 
1.000000 77.000000 17.773116 0.000317 1.654192 
1.000000 78.000000 17.713148 0.000337 1.657463 
1.000000 79.000000 17.643846 0.000361 1.660997 
1.000000 80.000000 17.547656 0.000389 1.673628 
1.000000 81.000000 17.443523 0.000416 1.695290 
1.000000 82.000000 17.359204 0.000434 1.715149 
1.000000 83.000000 17.303798 0.000438 1.724461 
1.000000 84.000000 17.320914 0.000425 1.716224 
1.000000 85.000000 17.399477 0.000404 1.697203 
1.000000 86.000000 17.494357 0.000384 1.677876 
1.000000 87.000000 17.537893 0.000374 1.672967 
1.000000 88.000000 17.509968 0.000369 1.685307 
1.000000 89.000000 17.459167 0.000365 1.701480 
1.000000 90.000000 17.462922 0.000355 1.704651 
1.000000 91.000000 17.572420 0.000342 1.688271 
1.000000 92.000000 17.699251 0.000332 1.669349 
1.000000 93.000000 17.747219 0.000327 1.662166 
1.000000 94.000000 17.723941 0.000327 1.666432 
1.000000 95.000000 17.668736 0.000330 1.678640 
1.000000 96.000000 17.618861 0.000338 1.690136 
1.000000 97.000000 17.601540 0.000348 1.695801 
1.000000 98.000000 17.613837 0.000354 1.695904 
1.000000 99.000000 17.615158 0.000357 1.698782 
1.000000 100.000000 17.579043 0.000358 1.709368 
1.000000 101.000000 17.549892 0.000357 1.719628 
1.000000 102.000000 17.554783 0.000351 1.721882 
1.000000 103.000000 17.604510 0.000339 1.713555 
1.000000 104.000000 17.667310 0.000328 1.701321 
1.000000 105.000000 17.702110 0.000322 1.692326 
1.000000 106.000000 17.691238 0.000323 1.689220 
1.000000 107.000000 17.665737 0.000325 1.690877 
1.000000 108.000000 17.653496 0.000327 1.694204 
1.000000 109.000000 17.656273 0.000330 1.699479 
1.000000 110.000000 17.699386 0.000331 1.694531 
1.000000 111.000000 17.743758 0.000331 1.683821 
1.000000 112.000000 17.749413 0.000334 1.677150 
1.000000 113.000000 17.730611 0.000338 1.677379 
1.000000 114.000000 17.732235 0.000339 1.678570 
1.000000 115.000000 17.805559 0.000333 1.670083 
1.000000 116.000000 17.889826 0.000323 1.659896 
1.000000 117.000000 17.919921 0.000313 1.656197 
1.000000 118.000000 17.894019 0.000307 1.659871 
1.000000 119.000000 17.882220 0.000303 1.662228 
1.000000 120.000000 17.919450 0.000299 1.657384 
1.000000 121.000000 17.951827 0.000298 1.652197 
1.000000 122.000000 17.935801 0.000298 1.653177 
1.000000 123.000000 17.882693 0.000299 1.661602 
1.000000 124.000000 17.851767 0.000296 1.667228 
1.000000 125.000000 17.856414 0.000292 1.666539 
1.000000 126.000000 17.864732 0.000289 1.663205 
1.000000 127.000000 17.865948 0.000291 1.661509 
